&in1
 kffcur = 1 ,
 kppcur = 2 ,
 kersil = 1,
 keqdsk = 1,
 fitdelz = T,
 mxiter = -60,
 fwtfc = 1.0, 1.0, 1.0, 1.0, 1.0, 1.0, 1.0, 1.0, 1.0, 1.0, 1.0, 1.0,
 fwtfc = 0.0, 0.0, 0.0, 0.0, 0.0, 0.0, 0.0, 0.0, 0.0, 0.0, 0.0, 0.0,
 itek = 5 ,
 pcurbd =  1.000000 ,
 fcurbd =  1.000000 ,
 kcalpa = 0,
 calpa = 0.1, 0.1, 0.1,
 xalpa = 0,
 kcgama = 0,
 cgama = 0.1, 0.1, 0.1,
 xgama = 0,
 btor = -1.7994373219240716 
 saimin = 100.000000 ,
 saicon = 100.000000 ,
 cutip = 50000,
 serror = 0.05,
 error = 0.001,
 errmin = 1.00e-03,
 ierchk = 1 ,
 iplcout = 1,
 fwtcur = 1.000000 ,
 fwtsi = 1.0 , 1.0 , 1.0 , 1.0 , 1.0 , 1.0 , 1.0 , 1.0 , 1.0 , 0.0 ,
        1.0 , 0.0 , 1.0 , 1.0 , 1.0 , 1.0 , 1.0 , 1.0 , 1.0 , 1.0 ,
        1.0 , 1.0 , 1.0 , 0.0 , 1.0 , 1.0 , 1.0 , 1.0 , 1.0 , 1.0 ,
        1.0 , 1.0 , 0.0 , 0.0 , 0.0 , 
 fwtmp2 = 1.0 , 1.0 , 1.0 , 1.0 , 1.0 , 1.0 , 1.0 , 1.0 , 1.0 , 1.0 ,
         1.0 , 1.0 , 1.0 , 1.0 , 1.0 , 1.0 , 1.0 , 1.0 , 0.0 , 1.0 ,
         0.0 , 1.0 , 1.0 , 1.0 , 1.0 , 1.0 , 1.0 , 1.0 , 1.0 , 1.0 ,
         1.0 , 1.0 , 1.0 , 1.0 , 1.0 , 0.0 , 1.0 ,0.0,
         0 , 0 , 0 , 0 , 0 , 0 , 0 , 0 , 0 , 0 ,
         0 , 0 , 0 , 0 , 0 , 0 , 0 , 0 , 0 , 0 ,
         0 , 0 , 0 , 0 , 0 , 0 , 0 , 0 , 0 , 0 ,
         0 , 0 , 0 , 0 , 0 , 0 , 0 , 0
limitr = 50 ,
xlim =  1.363380,  1.363380,  1.363380,  1.363531,  1.384404,  1.405277,  1.426149,  1.378736,  1.331323,  1.367086,
        1.484258,  1.601431,  1.677820,  1.754209,  1.765106,  1.792808,  1.820510,  1.870549,  1.920587,  1.970626,
        1.971104,  2.073254,  2.175403,  2.277553,  2.370000,  2.370000,  2.370000,  2.277553,  2.175403,  2.073254,  1.971104,
        1.970626,  1.920587,  1.870549,  1.820510,  1.792808,  1.765106,  1.754209,  1.677820,  1.601431,  1.484258,
        1.367086,  1.331323,  1.378736,  1.426149,  1.405277,  1.384404,  1.363531,  1.363380,  1.363380,
ylim =  0.000000 ,   0.227000 ,   0.454000 ,   0.455981 ,   0.553300 ,   0.650620 ,   0.747939 ,   0.879327 ,   1.010716 ,   0.976622 ,
        0.953380 ,   0.930138 ,   1.034653 ,   1.139169 ,   1.170336 ,   1.050342 ,   0.930347 ,   0.881361 ,   0.832375 ,   0.783389 ,
        0.783020 ,   0.683680 ,   0.584340 ,   0.485000 ,   0.485000 ,   0.000000,  -0.485000,   -0.485000,   -0.584340,   -0.683680,   -0.783020,
        -0.783389,   -0.832375,   -0.881361,   -0.930347,   -1.050342,   -1.170336,   -1.139169,   -1.034653,   -0.930138,   -0.953380,
        -0.976622,   -1.010716,   -0.879327,   -0.747939,   -0.650620,   -0.553300,   -0.455981,   -0.454000,   -0.227000,
 icinit = 2 ,
 scrape =  3.50000001e-02 ,
 ixstrt = 2 ,
 ifcurr = 0 ,
 relax = 0.5
    brsp = 381414.66988508793
    coils = 0.2535143268094082, 0.26197328801685144, 0.25836191564818184,
            0.24772397449499983, 0.24999463389634202, 0.24512106874560924,
            0.24197871347075067, 0.24358637716811973, 0.2624907490741546,
            0.2777093258414664, 0.31721159712571906
    expmp2 = 0.19073541193201843
    ishot = 7054
    itime = 5000
    plasma = 499350.73902539664
/
