&in1
 kffcur = 2 ,
 kppcur = 1 ,
 kersil = 1,
 keqdsk = 1,
 fitdelz = T,
 mxiter = -60,
 fwtfc = 0.0, 0.0, 0.0, 0.0, 0.0, 0.0, 0.0, 0.0, 0.0, 0.0, 0.0, 0.0,
 itek = 0 ,
 pcurbd =  1.000000 ,
 fcurbd =  1.000000 ,
 kcalpa = 0,
 calpa = 0.1, 0.1, 0.1,
 xalpa = 0,
 kcgama = 0,
 cgama = 0.1, 0.1, 0.1,
 xgama = 0,
 btor = 2.000000 ,
 saimin = 100.000000 ,
 saicon = 100.000000 ,
 cutip = 50000,
 serror = 0.05,
 error = 0.001,
 errmin = 1.00e-03,
 ierchk = 1 ,
 iplcout = 1,
 fwtcur = 1.000000 ,
 fwtsi = 1.0 , 1.0 , 1.0 , 1.0 , 1.0 , 1.0 , 1.0 , 1.0 , 1.0 , 1.0 ,
        1.0 , 1.0 , 1.0 , 1.0 , 1.0 , 1.0 , 1.0 , 1.0 , 1.0 , 1.0 ,
        1.0 , 1.0 , 1.0 , 1.0 , 1.0 , 1.0 , 1.0 , 1.0 , 1.0 , 1.0 ,
        1.0 , 1.0 , 1.0 , 1.0 , 0.0 ,
 fwtmp2 = 1.0 , 1.0 , 1.0 , 1.0 , 1.0 , 1.0 , 1.0 , 1.0 , 1.0 , 1.0 ,
         1.0 , 0.0 , 1.0 , 1.0 , 1.0 , 1.0 , 1.0 , 1.0 , 1.0 , 1.0 ,
         1.0 , 1.0 , 1.0 , 1.0 , 0.0 , 0.0 , 1.0 , 1.0 , 1.0 , 0.0 ,
         1.0 , 0.0 , 1.0 , 1.0 , 0.0 , 0.0 ,1.0 ,0.0,
 limitr = 60,
 xlim =    1.3583800,   1.3583800,   1.3583800,   1.3631365,   1.4371040,   1.4372096,   1.4416445,   1.4297014,   1.3916861,   1.3915137,   1.3792936,   1.3990000,   1.4362292,   1.4591901,   1.4779060,   1.5449423,   1.6120410,   1.6350613,   1.6605370,   1.6651900,   1.6955000,   1.7066846,   1.7138828,   1.7139953,   1.7364900,   1.7632352,   1.8019896,   1.8023714,   1.9397201,   1.9706260,   2.0749540,   2.1771030,   2.2792530,   2.3500000,   2.3500000,   2.3500000,   2.2792530,   2.1771030,   2.0749540,   1.9728040,   1.9706260,   1.8063000,   1.7733000,   1.7615000,   1.7615000,   1.6650000,   1.6629000,   1.6431000,   1.6002000,   1.5448000,   1.4488000,   1.3960000,   1.3610000,   1.3610000,   1.3610000,   1.3610000,   1.3635310,   1.3583800,   1.3583800, 1.3583800
  ylim =  0.0000000,   0.2270000,   0.4540000,   0.4557347,   0.7983320,   0.7988207,   0.8381949,   0.9089077,   1.0142577,   1.0147280,   1.0485905,   1.0394643,   1.0256029,   1.0209536,   1.0251372,   1.0545388,   1.0839404,   1.0958619,   1.1139974,   1.1176454,   1.1418324,   1.1621086,   1.1309287,   1.1304415,   1.0330044,   0.9698324,   0.9256698,   0.9253469,   0.8092228,   0.7833890,   0.6883800,   0.5890400,   0.4897000,   0.4900000,   0.0000000,  -0.4900000,  -0.4897000,  -0.5890400,  -0.6883800,  -0.7877200,  -0.7833890,  -0.8827000,  -0.9234000,  -0.9745000,  -1.1000000,  -1.1000000,  -1.0444000,  -1.0186000,  -0.9786000,  -0.9650000,  -0.9650000,  -1.0040000,  -1.0040000,  -0.9795000,  -0.8050000,  -0.7550000,  -0.4559810,  -0.4540000,  -0.2270000, 0.0000000
 icinit = 2 ,
 scrape =  3.50000001e-02 ,
 ixstrt = 2 ,
 ifcurr = 0 ,
 relax = 0.5
 table_dir = '/project/imd/codes/EFIT_Qian/green_2021/'
/
